1 5
10 焊接车间
100 辅助设备
101 5
102 O
103 6:15-6:30
104  常白班
105 2
106 1
107 2
108 1
109 维修
11 5
110 辅助设备
111 5
112 3
113 4:30-7:45
114 常白班
115 3
116 2
117 9
118 3
119 装配
12 3
120 辅助设备
121 5
122 3
123 5:30-8:45
124 晚班
125 7
126 7
127 7
128 8
129 攻丝
13 6:15-9:00
130 打包车间
131 5
132 20
133 10:00-6:45
134 夜班
135 5
136 3
137 6
138 3
139 电焊
14 晚班
140 维修车间
141 5
142 1
143 0:30-1:15
144 夜班
145 3
146 2
147 9
148 2
149 空压机巡捡
15 4
150 焊接车间
151 5
152 0
153 2:00-2:15
154 夜班
155 4
156 4
157 7
158 10
159 剪板
16 1
160 公用工程
161 5
162 6
163 23:45-5:30
164 晚班
165 6
166 1
167 10
168 1
169 弯折
17 7
170 焊接车间
171 5
172 O
173 9:30-9:45
174 晚班
175 6
176 6
177 7
178 10
179 叉车
18 3
180 焊接车间
181 5
182 3
183 6:15-9:00
184 晚班
185 4
186 1
187 7
188 3
189 激光切割
19 激光切割
190 剪板车间
191 5
192 1
193 20:45-21:45
194 晚班
195 5
196 8
197 5
198 8
199 打磨
2 O
20  剪板车间
200 公用工程
201 5
202 0
203 18:00-18:45
204 晚班
205  1
206 1
207 1
208 8
209 弯折
21 5
210 剪板车间
211 5
212 1O
213 12:30-22:00
214 常白班
215 2
216 4
217 8
218 4
219 电焊
22 1
220 维修车间
221 d/W
222 h/d
223 女
224 男
225 女
226 男
227 工作时间
228 工作班起止时间
229 工作制度
23 20:45-21:45
230 每班人数
231 总人数
232 工种
233 生间
234 
24  晚班
25 5
26 8
27 5
28 8
29 打磨
3 9:30-9:45
30 公用工程
31 5
32 0
33 18:00-18:45
34 晚班
35  1
36 1
37 1
38 8
39 弯折
4 晚班
40  剪板车间
41 5
42 10
43 12:30-22:00
44 常白班
45 2
46 4
47  8
48 4
49 电焊
5 6
50  维修车问
51 5
52 4
53 5:45-9:45
54 常白班
55 2
56 6
57 3
58 6
59 叉车
6  6
60 公用工程
61 5
62 8
63 20:00-4:30
64 常白班
65  1
66 6
67 3
68 7
69 激光切割
7 7
70 剪板车间
71 5
72 2
73 6:30-8:45
74 早班
75 3
76 1
77 3
78 7
79 检验
8 10
80 剪板车间
81 5
82 1
83 8:15-9:30
84  早班
85  1
86 2
87 1
88 2
89 维修
9  叉车
90 维修车间
91 5
92 7
93 2:45-9:00
94 晚班
95 3
96 2
97 7
98 7
99 涂装
